-0.050542
-0.066687
-0.018989
0.043551
-0.078373
0.25375
0.33865
0.32091
-0.18787
-0.41036
0.11809
0.09727
0.10817
-0.36226
-0.22936
-0.26158
0.02186
0.085786
-0.19664
0.46619
0.20552
-0.045865
-0.30323
-0.18237
0.077163
-0.10202
0.07441
0.181
0.32752
0.22924
-0.17421
-0.21359
-0.50651
-0.20764
-0.019253
-0.062383
-0.023127
-0.059806
-0.1581
-0.12061
-0.44295
0.47768
0.4551
-0.35035
-0.094462
0.10507
0.47497
0.059207
0.48448
-0.18066
-0.42719
0.15564
-0.43594
-0.060003
0.32044
0.15736
0.040394
0.12388
-0.035339
0.10448
-0.38181
-0.27914
-0.41011
-0.078082
0.55288
-0.33126
0.29016
-0.19879
-0.34219
0.38984
0.17029
0.14255
0.024262
-0.14562
-0.14134
-0.086313
-0.041423